"TIME","R1(1)","R1(1)","R2(1)"
0,0,0,0
1.807444085e-06,0.00227127,0.00227127,0.00225017
2.088998922e-06,0.00262508,0.00262508,0.00260017
2.652108597e-06,0.0033327,0.0033327,0.00329875
3.778327945e-06,0.00474794,0.00474794,0.00469007
6.030766643e-06,0.00757841,0.00757841,0.0074494
1.053564404e-05,0.0132386,0.0132386,0.0128759
1.954539883e-05,0.024559,0.024559,0.0233707
3.756490841e-05,0.0471879,0.0471879,0.0430035
7.360392756e-05,0.0923616,0.0923616,0.0773941
0.0001255505,0.157118,0.157118,0.117216
0.0002050347535,0.254813,0.254813,0.160712
0.0003146203978,0.385144,0.385144,0.195721
0.0004700887089,0.556968,0.556968,0.213127
0.0006367553756,0.717475,0.717475,0.204755
0.0008034220422,0.846624,0.846624,0.17848
0.0009700887089,0.938772,0.938772,0.140689
0.001136755375,0.989891,0.989891,0.0954829
0.001303422042,0.997747,0.997747,0.0458139
0.001470088708,0.961997,0.961997,-0.00583399
0.001636755375,0.884203,0.884203,-0.057145
0.001803422042,0.767765,0.767765,-0.105893
0.001970088708,0.617772,0.617772,-0.149975
0.002136755375,0.440779,0.440779,-0.187483
0.002303422042,0.244522,0.244522,-0.216789
0.002470088708,0.0375787,0.0375787,-0.236618
0.002636755375,-0.171007,-0.171007,-0.246105
0.002803422042,-0.372119,-0.372119,-0.244835
0.002970088708,-0.556968,-0.556968,-0.232866
0.003136755375,-0.717475,-0.717475,-0.210719
0.003303422042,-0.846624,-0.846624,-0.179363
0.003470088708,-0.938772,-0.938772,-0.140168
0.003636755375,-0.989891,-0.989891,-0.0948464
0.003803422042,-0.997747,-0.997747,-0.04538
0.003970088708,-0.961997,-0.961997,0.00606963
0.004136755375,-0.884203,-0.884203,0.057254
0.004303422042,-0.767765,-0.767765,0.105936
0.004470088708,-0.617772,-0.617772,0.149988
0.004636755375,-0.440779,-0.440779,0.187485
0.004803422042,-0.244522,-0.244522,0.216788
0.004970088708,-0.0375787,-0.0375787,0.236617
0.005136755375,0.171007,0.171007,0.246104
0.005303422042,0.372119,0.372119,0.244835
0.005470088708,0.556968,0.556968,0.232865
0.005636755375,0.717475,0.717475,0.210719
0.005803422042,0.846624,0.846624,0.179363
0.005970088708,0.938772,0.938772,0.140168
0.006136755375,0.989891,0.989891,0.0948464
0.006303422042,0.997747,0.997747,0.04538
0.006470088708,0.961997,0.961997,-0.00606963
0.006636755375,0.884203,0.884203,-0.057254
0.006803422042,0.767765,0.767765,-0.105936
0.006970088708,0.617772,0.617772,-0.149988
0.007136755375,0.440779,0.440779,-0.187485
0.007303422042,0.244522,0.244522,-0.216788
0.007470088708,0.0375787,0.0375787,-0.236617
0.007636755375,-0.171007,-0.171007,-0.246104
0.007803422042,-0.372119,-0.372119,-0.244835
0.007970088708,-0.556968,-0.556968,-0.232865
0.008136755375,-0.717475,-0.717475,-0.210719
0.008303422042,-0.846624,-0.846624,-0.179363
0.008470088708,-0.938772,-0.938772,-0.140168
0.008636755375,-0.989891,-0.989891,-0.0948464
0.008803422042,-0.997747,-0.997747,-0.04538
0.008970088708,-0.961997,-0.961997,0.00606963
0.009136755375,-0.884203,-0.884203,0.057254
0.009303422042,-0.767765,-0.767765,0.105936
0.009470088708,-0.617772,-0.617772,0.149988
0.009636755375,-0.440779,-0.440779,0.187485
0.009803422042,-0.244522,-0.244522,0.216788
0.009970088708,-0.0375787,-0.0375787,0.236617
0.01013675537,0.171007,0.171007,0.246104
0.01030342204,0.372119,0.372119,0.244835
0.0104700887,0.556968,0.556968,0.232865
0.01063675537,0.717475,0.717475,0.210719
0.01080342204,0.846624,0.846624,0.179363
0.0109700887,0.938772,0.938772,0.140168
0.01113675537,0.989891,0.989891,0.0948464
0.01130342204,0.997747,0.997747,0.04538
0.0114700887,0.961997,0.961997,-0.00606963
0.01163675537,0.884203,0.884203,-0.057254
0.01180342204,0.767765,0.767765,-0.105936
0.0119700887,0.617772,0.617772,-0.149988
0.01213675537,0.440779,0.440779,-0.187485
0.01230342204,0.244522,0.244522,-0.216788
0.0124700887,0.0375787,0.0375787,-0.236617
0.01263675537,-0.171007,-0.171007,-0.246104
0.01280342204,-0.372119,-0.372119,-0.244835
0.0129700887,-0.556968,-0.556968,-0.232865
0.01313675537,-0.717475,-0.717475,-0.210719
0.01330342204,-0.846624,-0.846624,-0.179363
0.0134700887,-0.938772,-0.938772,-0.140168
0.01363675537,-0.989891,-0.989891,-0.0948464
0.01380342204,-0.997747,-0.997747,-0.04538
0.0139700887,-0.961997,-0.961997,0.00606963
0.01413675537,-0.884203,-0.884203,0.057254
0.01430342204,-0.767765,-0.767765,0.105936
0.0144700887,-0.617772,-0.617772,0.149988
0.01463675537,-0.440779,-0.440779,0.187485
0.01480342204,-0.244522,-0.244522,0.216788
0.0149700887,-0.0375787,-0.0375787,0.236617
0.01513675537,0.171007,0.171007,0.246104
0.01530342204,0.372119,0.372119,0.244835
0.0154700887,0.556968,0.556968,0.232865
0.01563675537,0.717475,0.717475,0.210719
0.01580342204,0.846624,0.846624,0.179363
0.0159700887,0.938772,0.938772,0.140168
0.01613675537,0.989891,0.989891,0.0948464
0.01630342204,0.997747,0.997747,0.04538
0.0164700887,0.961997,0.961997,-0.00606963
0.01663675537,0.884203,0.884203,-0.057254
0.01680342204,0.767765,0.767765,-0.105936
0.0169700887,0.617772,0.617772,-0.149988
0.01713675537,0.440779,0.440779,-0.187485
0.01730342204,0.244522,0.244522,-0.216788
0.0174700887,0.0375787,0.0375787,-0.236617
0.01763675537,-0.171007,-0.171007,-0.246104
0.01780342204,-0.372119,-0.372119,-0.244835
0.0179700887,-0.556968,-0.556968,-0.232865
0.01813675537,-0.717475,-0.717475,-0.210719
0.01830342204,-0.846624,-0.846624,-0.179363
0.0184700887,-0.938772,-0.938772,-0.140168
0.01863675537,-0.989891,-0.989891,-0.0948464
0.01880342204,-0.997747,-0.997747,-0.04538
0.0189700887,-0.961997,-0.961997,0.00606963
0.01913675537,-0.884203,-0.884203,0.057254
0.01930342204,-0.767765,-0.767765,0.105936
0.0194700887,-0.617772,-0.617772,0.149988
0.01963675537,-0.440779,-0.440779,0.187485
0.01980342204,-0.244522,-0.244522,0.216788
0.0199700887,-0.0375787,-0.0375787,0.236617
0.02,-9.79717e-16,-9.79717e-16,0.238766
