"TIME","R1(1)","R1(1)","R2(1)"
0,0,0,0
4.174268201e-07,0.00262274,0.00262274,0.00261565
5.295514691e-07,0.00332723,0.00332723,0.00331778
7.53800767e-07,0.00473622,0.00473622,0.00472085
1.202299363e-06,0.00755419,0.00755419,0.00752226
2.099296555e-06,0.0131894,0.0131894,0.0131061
3.893290939e-06,0.0244598,0.0244598,0.0241977
7.481279706e-06,0.0469889,0.0469889,0.0460752
1.465725724e-05,0.0919641,0.0919641,0.0885968
2.900921231e-05,0.181263,0.181263,0.168626
5.771312245e-05,0.354727,0.354727,0.308071
9.104645579e-05,0.541367,0.541367,0.433803
0.0001243797891,0.704346,0.704346,0.518793
0.0001577131224,0.836542,0.836542,0.56248
0.0001910464557,0.932177,0.932177,0.565761
0.0002243797891,0.987071,0.987071,0.530916
0.0002577131224,0.998826,0.998826,0.461534
0.0002910464557,0.966927,0.966927,0.362399
0.0003243797891,0.892769,0.892769,0.239327
0.0003577131224,0.779592,0.779592,0.0989509
0.0003910464557,0.632344,0.632344,-0.0515341
0.0004243797891,0.457459,0.457459,-0.204655
0.0004577131224,0.262581,0.262581,-0.352963
0.0004910464557,0.0562271,0.0562271,-0.489336
0.0005243797891,-0.152584,-0.152584,-0.607273
0.0005577131224,-0.354727,-0.354727,-0.701163
0.0005910464557,-0.541367,-0.541367,-0.766516
0.0006243797891,-0.704346,-0.704346,-0.800149
0.0006577131224,-0.836542,-0.836542,-0.800316
0.0006910464557,-0.932177,-0.932177,-0.766778
0.0007243797891,-0.987071,-0.987071,-0.700802
0.0007577131224,-0.998826,-0.998826,-0.605107
0.0007910464557,-0.966927,-0.966927,-0.483733
0.0008243797891,-0.892769,-0.892769,-0.341866
0.0008577131224,-0.779592,-0.779592,-0.185606
0.0008910464557,-0.632344,-0.632344,-0.0216976
0.0009243797891,-0.457459,-0.457459,0.142768
0.0009577131224,-0.262581,-0.262581,0.300662
0.0009910464557,-0.0562271,-0.0562271,0.445137
0.001024379789,0.152584,0.152584,0.569921
0.001057713122,0.354727,0.354727,0.669596
0.001091046455,0.541367,0.541367,0.739839
0.001124379789,0.704346,0.704346,0.777604
0.001157713122,0.836542,0.836542,0.781264
0.001191046455,0.932177,0.932177,0.750677
0.001224379789,0.987071,0.987071,0.687196
0.001257713122,0.998826,0.998826,0.593608
0.001291046455,0.966927,0.966927,0.474015
0.001324379789,0.892769,0.892769,0.333654
0.001357713122,0.779592,0.779592,0.178666
0.001391046455,0.632344,0.632344,0.0158325
0.001424379789,0.457459,0.457459,-0.147724
0.001457713122,0.262581,0.262581,-0.304851
0.001491046455,0.0562271,0.0562271,-0.448677
0.001524379789,-0.152584,-0.152584,-0.572912
0.001557713122,-0.354727,-0.354727,-0.672125
0.001591046455,-0.541367,-0.541367,-0.741975
0.001624379789,-0.704346,-0.704346,-0.77941
0.001657713122,-0.836542,-0.836542,-0.78279
0.001691046455,-0.932177,-0.932177,-0.751966
0.001724379789,-0.987071,-0.987071,-0.688285
0.001757713122,-0.998826,-0.998826,-0.594529
0.001791046455,-0.966927,-0.966927,-0.474793
0.001824379789,-0.892769,-0.892769,-0.334311
0.001857713122,-0.779592,-0.779592,-0.179222
0.001891046455,-0.632344,-0.632344,-0.0163022
0.001924379789,-0.457459,-0.457459,0.147327
0.001957713122,-0.262581,-0.262581,0.304515
0.001991046455,-0.0562271,-0.0562271,0.448393
0.002024379789,0.152584,0.152584,0.572673
0.002057713122,0.354727,0.354727,0.671922
0.002091046455,0.541367,0.541367,0.741804
0.002124379789,0.704346,0.704346,0.779265
0.002157713122,0.836542,0.836542,0.782668
0.002191046455,0.932177,0.932177,0.751863
0.002224379789,0.987071,0.987071,0.688198
0.002257713122,0.998826,0.998826,0.594455
0.002291046455,0.966927,0.966927,0.474731
0.002324379789,0.892769,0.892769,0.334259
0.002357713122,0.779592,0.779592,0.179177
0.002391046455,0.632344,0.632344,0.0162646
0.002424379789,0.457459,0.457459,-0.147359
0.002457713122,0.262581,0.262581,-0.304542
0.002491046455,0.0562271,0.0562271,-0.448416
0.002524379789,-0.152584,-0.152584,-0.572692
0.002557713122,-0.354727,-0.354727,-0.671938
0.002591046455,-0.541367,-0.541367,-0.741818
0.002624379789,-0.704346,-0.704346,-0.779277
0.002657713122,-0.836542,-0.836542,-0.782678
0.002691046455,-0.932177,-0.932177,-0.751871
0.002724379789,-0.987071,-0.987071,-0.688205
0.002757713122,-0.998826,-0.998826,-0.594461
0.002791046455,-0.966927,-0.966927,-0.474736
0.002824379789,-0.892769,-0.892769,-0.334263
0.002857713122,-0.779592,-0.779592,-0.179181
0.002891046455,-0.632344,-0.632344,-0.0162676
0.002924379789,-0.457459,-0.457459,0.147356
0.002957713122,-0.262581,-0.262581,0.30454
0.002991046455,-0.0562271,-0.0562271,0.448414
0.003024379789,0.152584,0.152584,0.57269
0.003057713122,0.354727,0.354727,0.671937
0.003091046455,0.541367,0.541367,0.741817
0.003124379789,0.704346,0.704346,0.779276
0.003157713122,0.836542,0.836542,0.782677
0.003191046455,0.932177,0.932177,0.751871
0.003224379789,0.987071,0.987071,0.688205
0.003257713122,0.998826,0.998826,0.59446
0.003291046455,0.966927,0.966927,0.474736
0.003324379789,0.892769,0.892769,0.334262
0.003357713122,0.779592,0.779592,0.17918
0.003391046455,0.632344,0.632344,0.0162674
0.003424379789,0.457459,0.457459,-0.147357
0.003457713122,0.262581,0.262581,-0.30454
0.003491046455,0.0562271,0.0562271,-0.448414
0.003524379789,-0.152584,-0.152584,-0.57269
0.003557713122,-0.354727,-0.354727,-0.671937
0.003591046455,-0.541367,-0.541367,-0.741817
0.003624379789,-0.704346,-0.704346,-0.779276
0.003657713122,-0.836542,-0.836542,-0.782677
0.003691046455,-0.932177,-0.932177,-0.751871
0.003724379789,-0.987071,-0.987071,-0.688205
0.003757713122,-0.998826,-0.998826,-0.59446
0.003791046455,-0.966927,-0.966927,-0.474736
0.003824379789,-0.892769,-0.892769,-0.334262
0.003857713122,-0.779592,-0.779592,-0.17918
0.003891046455,-0.632344,-0.632344,-0.0162674
0.003924379789,-0.457459,-0.457459,0.147357
0.003957713122,-0.262581,-0.262581,0.30454
0.003991046455,-0.0562271,-0.0562271,0.448414
0.004024379789,0.152584,0.152584,0.57269
0.004057713122,0.354727,0.354727,0.671937
0.004091046455,0.541367,0.541367,0.741817
0.004124379789,0.704346,0.704346,0.779276
0.004157713122,0.836542,0.836542,0.782677
0.004191046455,0.932177,0.932177,0.751871
0.004224379789,0.987071,0.987071,0.688205
0.004257713122,0.998826,0.998826,0.59446
0.004291046455,0.966927,0.966927,0.474736
0.004324379789,0.892769,0.892769,0.334262
0.004357713122,0.779592,0.779592,0.17918
0.004391046455,0.632344,0.632344,0.0162674
0.004424379789,0.457459,0.457459,-0.147357
0.004457713122,0.262581,0.262581,-0.30454
0.004491046455,0.0562271,0.0562271,-0.448414
0.004524379789,-0.152584,-0.152584,-0.57269
0.004557713122,-0.354727,-0.354727,-0.671937
0.004591046455,-0.541367,-0.541367,-0.741817
0.004624379789,-0.704346,-0.704346,-0.779276
0.004657713122,-0.836542,-0.836542,-0.782677
0.004691046455,-0.932177,-0.932177,-0.751871
0.004724379789,-0.987071,-0.987071,-0.688205
0.004757713122,-0.998826,-0.998826,-0.59446
0.004791046455,-0.966927,-0.966927,-0.474736
0.004824379789,-0.892769,-0.892769,-0.334262
0.004857713122,-0.779592,-0.779592,-0.17918
0.004891046455,-0.632344,-0.632344,-0.0162674
0.004924379789,-0.457459,-0.457459,0.147357
0.004957713122,-0.262581,-0.262581,0.30454
0.004991046455,-0.0562271,-0.0562271,0.448414
0.005,-1.22465e-15,-1.22465e-15,0.483806
