"TIME","R1(1)","R1(1)","R2(1)"
0,0,0,0
3.333333333e-07,0.00209437,0.00209437,1.38783e-05
3.614580469e-07,0.00227108,0.00227108,1.51479e-05
4.177074741e-07,0.0026245,0.0026245,1.79239e-05
5.302063285e-07,0.00333135,0.00333135,2.46104e-05
7.552040372e-07,0.00474504,0.00474504,4.26592e-05
1.205199455e-06,0.00757241,0.00757241,9.74683e-05
2.10519029e-06,0.0132264,0.0132264,0.000281137
3.905171959e-06,0.0245344,0.0245344,0.00093775
7.505135299e-06,0.0471386,0.0471386,0.00335433
1.470506198e-05,0.0922632,0.0922632,0.0122032
2.61731395e-05,0.16371,0.16371,0.0357411
4.320791579e-05,0.268161,0.268161,0.0873499
6.743152195e-05,0.411122,0.411122,0.183804
0.0001007648552,0.591666,0.591666,0.338954
0.0001340981886,0.746352,0.746352,0.49988
0.0001674315219,0.868418,0.868418,0.650113
0.0002007648552,0.952531,0.952531,0.777475
0.0002340981886,0.995013,0.995013,0.873398
0.0002674315219,0.994008,0.994008,0.932214
0.0003007648552,0.94956,0.94956,0.950686
0.0003340981886,0.863613,0.863613,0.927728
0.0003674315219,0.739921,0.739921,0.864244
0.0004007648552,0.583891,0.583891,0.762979
0.0004340981886,0.402342,0.402342,0.628355
0.0004674315219,0.203209,0.203209,0.466258
0.0005007648552,-0.0048057,-0.0048057,0.283778
0.0005340981886,-0.21261,-0.21261,0.0888909
0.0005674315219,-0.411122,-0.411122,-0.109882
0.0006007648552,-0.591666,-0.591666,-0.303854
0.0006340981886,-0.746352,-0.746352,-0.484546
0.0006674315219,-0.868418,-0.868418,-0.644062
0.0007007648552,-0.952531,-0.952531,-0.775428
0.0007340981886,-0.995013,-0.995013,-0.872905
0.0007674315219,-0.994008,-0.994008,-0.932232
0.0008007648552,-0.94956,-0.94956,-0.950816
0.0008340981886,-0.863613,-0.863613,-0.927844
0.0008674315219,-0.739921,-0.739921,-0.864321
0.0009007648552,-0.583891,-0.583891,-0.763024
0.0009340981886,-0.402342,-0.402342,-0.628378
0.0009674315219,-0.203209,-0.203209,-0.466269
0.001000764855,0.0048057,0.0048057,-0.283782
0.001034098188,0.21261,0.21261,-0.0888929
0.001067431521,0.411122,0.411122,0.109882
0.001100764855,0.591666,0.591666,0.303854
0.001134098188,0.746352,0.746352,0.484546
0.001167431521,0.868418,0.868418,0.644062
0.001200764855,0.952531,0.952531,0.775428
0.001234098188,0.995013,0.995013,0.872905
0.001267431521,0.994008,0.994008,0.932232
0.001300764855,0.94956,0.94956,0.950816
0.001334098188,0.863613,0.863613,0.927844
0.001367431521,0.739921,0.739921,0.864321
0.001400764855,0.583891,0.583891,0.763024
0.001434098188,0.402342,0.402342,0.628378
0.001467431521,0.203209,0.203209,0.466269
0.001500764855,-0.0048057,-0.0048057,0.283782
0.001534098188,-0.21261,-0.21261,0.0888929
0.001567431521,-0.411122,-0.411122,-0.109882
0.001600764855,-0.591666,-0.591666,-0.303854
0.001634098188,-0.746352,-0.746352,-0.484546
0.001667431521,-0.868418,-0.868418,-0.644062
0.001700764855,-0.952531,-0.952531,-0.775428
0.001734098188,-0.995013,-0.995013,-0.872905
0.001767431521,-0.994008,-0.994008,-0.932232
0.001800764855,-0.94956,-0.94956,-0.950816
0.001834098188,-0.863613,-0.863613,-0.927844
0.001867431521,-0.739921,-0.739921,-0.864321
0.001900764855,-0.583891,-0.583891,-0.763024
0.001934098188,-0.402342,-0.402342,-0.628378
0.001967431521,-0.203209,-0.203209,-0.466269
0.002000764855,0.0048057,0.0048057,-0.283782
0.002034098188,0.21261,0.21261,-0.0888929
0.002067431521,0.411122,0.411122,0.109882
0.002100764855,0.591666,0.591666,0.303854
0.002134098188,0.746352,0.746352,0.484546
0.002167431521,0.868418,0.868418,0.644062
0.002200764855,0.952531,0.952531,0.775428
0.002234098188,0.995013,0.995013,0.872905
0.002267431521,0.994008,0.994008,0.932232
0.002300764855,0.94956,0.94956,0.950816
0.002334098188,0.863613,0.863613,0.927844
0.002367431521,0.739921,0.739921,0.864321
0.002400764855,0.583891,0.583891,0.763024
0.002434098188,0.402342,0.402342,0.628378
0.002467431521,0.203209,0.203209,0.466269
0.002500764855,-0.0048057,-0.0048057,0.283782
0.002534098188,-0.21261,-0.21261,0.0888929
0.002567431521,-0.411122,-0.411122,-0.109882
0.002600764855,-0.591666,-0.591666,-0.303854
0.002634098188,-0.746352,-0.746352,-0.484546
0.002667431521,-0.868418,-0.868418,-0.644062
0.002700764855,-0.952531,-0.952531,-0.775428
0.002734098188,-0.995013,-0.995013,-0.872905
0.002767431521,-0.994008,-0.994008,-0.932232
0.002800764855,-0.94956,-0.94956,-0.950816
0.002834098188,-0.863613,-0.863613,-0.927844
0.002867431521,-0.739921,-0.739921,-0.864321
0.002900764855,-0.583891,-0.583891,-0.763024
0.002934098188,-0.402342,-0.402342,-0.628378
0.002967431521,-0.203209,-0.203209,-0.466269
0.003000764855,0.0048057,0.0048057,-0.283782
0.003034098188,0.21261,0.21261,-0.0888929
0.003067431521,0.411122,0.411122,0.109882
0.003100764855,0.591666,0.591666,0.303854
0.003134098188,0.746352,0.746352,0.484546
0.003167431521,0.868418,0.868418,0.644062
0.003200764855,0.952531,0.952531,0.775428
0.003234098188,0.995013,0.995013,0.872905
0.003267431521,0.994008,0.994008,0.932232
0.003300764855,0.94956,0.94956,0.950816
0.003334098188,0.863613,0.863613,0.927844
0.003367431521,0.739921,0.739921,0.864321
0.003400764855,0.583891,0.583891,0.763024
0.003434098188,0.402342,0.402342,0.628378
0.003467431521,0.203209,0.203209,0.466269
0.003500764855,-0.0048057,-0.0048057,0.283782
0.003534098188,-0.21261,-0.21261,0.0888929
0.003567431521,-0.411122,-0.411122,-0.109882
0.003600764855,-0.591666,-0.591666,-0.303854
0.003634098188,-0.746352,-0.746352,-0.484546
0.003667431521,-0.868418,-0.868418,-0.644062
0.003700764855,-0.952531,-0.952531,-0.775428
0.003734098188,-0.995013,-0.995013,-0.872905
0.003767431521,-0.994008,-0.994008,-0.932232
0.003800764855,-0.94956,-0.94956,-0.950816
0.003834098188,-0.863613,-0.863613,-0.927844
0.003867431521,-0.739921,-0.739921,-0.864321
0.003900764855,-0.583891,-0.583891,-0.763024
0.003934098188,-0.402342,-0.402342,-0.628378
0.003967431521,-0.203209,-0.203209,-0.466269
0.004000764855,0.0048057,0.0048057,-0.283782
0.004034098188,0.21261,0.21261,-0.0888929
0.004067431521,0.411122,0.411122,0.109882
0.004100764855,0.591666,0.591666,0.303854
0.004134098188,0.746352,0.746352,0.484546
0.004167431521,0.868418,0.868418,0.644062
0.004200764855,0.952531,0.952531,0.775428
0.004234098188,0.995013,0.995013,0.872905
0.004267431521,0.994008,0.994008,0.932232
0.004300764855,0.94956,0.94956,0.950816
0.004334098188,0.863613,0.863613,0.927844
0.004367431521,0.739921,0.739921,0.864321
0.004400764855,0.583891,0.583891,0.763024
0.004434098188,0.402342,0.402342,0.628378
0.004467431521,0.203209,0.203209,0.466269
0.004500764855,-0.0048057,-0.0048057,0.283782
0.004534098188,-0.21261,-0.21261,0.0888929
0.004567431521,-0.411122,-0.411122,-0.109882
0.004600764855,-0.591666,-0.591666,-0.303854
0.004634098188,-0.746352,-0.746352,-0.484546
0.004667431521,-0.868418,-0.868418,-0.644062
0.004700764855,-0.952531,-0.952531,-0.775428
0.004734098188,-0.995013,-0.995013,-0.872905
0.004767431521,-0.994008,-0.994008,-0.932232
0.004800764855,-0.94956,-0.94956,-0.950816
0.004834098188,-0.863613,-0.863613,-0.927844
0.004867431521,-0.739921,-0.739921,-0.864321
0.004900764855,-0.583891,-0.583891,-0.763024
0.004934098188,-0.402342,-0.402342,-0.628378
0.004967431521,-0.203209,-0.203209,-0.466269
0.005,-1.22465e-15,-1.22465e-15,-0.288102
